20111017 33.9420 124.5929
20111018 33.9420 124.5929
20111019 33.9420 124.5929
20120313 33.9420 124.5929
20120320 33.9420 124.5929
20120326 33.9420 124.5929
20120405 33.9420 124.5929
20120407 33.9420 124.5929
20120417 33.9420 124.5929
20120423 33.9420 124.5929
20120426 33.9420 124.5929
20120427 33.9420 124.5929
20120502 33.9420 124.5929
20120503 33.9420 124.5929
20120504 33.9420 124.5929
20120505 33.9420 124.5929
20120506 33.9420 124.5929
20120507 33.9420 124.5929
20120509 33.9420 124.5929
20120516 33.9420 124.5929
20120517 33.9420 124.5929
20131201 32.1230 125.1825
20131203 32.1230 125.1825
20131204 32.1230 125.1825
20131207 32.1230 125.1825
20131212 32.1230 125.1825
20140102 32.1230 125.1825
20140123 32.1230 125.1825
20140127 32.1230 125.1825
20140129 32.1230 125.1825
20140318 32.1230 125.1825
20140322 32.1230 125.1825
20140323 32.1230 125.1825
20140402 32.1230 125.1825
20140407 32.1230 125.1825
20140408 32.1230 125.1825
20140409 32.1230 125.1825
20140410 32.1230 125.1825
20140415 32.1230 125.1825
20141127 32.1230 125.1825
20141130 32.1230 125.1825
