20111017 33.94199000 124.59291000 
20111018 33.94199000 124.59291000 
20111019 33.94199000 124.59291000 
20111019 33.94199000 124.59291000 
20111019 33.94199000 124.59291000 
20120502 33.94199000 124.59291000 
20120503 33.94199000 124.59291000 
20120504 33.94199000 124.59291000 
20120504 33.94199000 124.59291000 
20120504 33.94199000 124.59291000 
20120505 33.94199000 124.59291000 
20120505 33.94199000 124.59291000 
20120506 33.94199000 124.59291000 
20120507 33.94199000 124.59291000 
20120507 33.94199000 124.59291000 
20120507 33.94199000 124.59291000 
20120507 33.94199000 124.59291000 
20120509 33.94199000 124.59291000 
20120509 33.94199000 124.59291000 
20120516 33.94199000 124.59291000 
20120516 33.94199000 124.59291000 
20120516 33.94199000 124.59291000 
20120517 33.94199000 124.59291000 
20120517 33.94199000 124.59291000 
20120313 33.94199000 124.59291000 
20120320 33.94199000 124.59291000 
20120326 33.94199000 124.59291000 
20120405 33.94199000 124.59291000 
20120405 33.94199000 124.59291000 
20120407 33.94199000 124.59291000 
20120417 33.94199000 124.59291000 
20120417 33.94199000 124.59291000 
20120417 33.94199000 124.59291000 
20120417 33.94199000 124.59291000 
20120417 33.94199000 124.59291000 
20120423 33.94199000 124.59291000 
20120423 33.94199000 124.59291000 
20120426 33.94199000 124.59291000 
20120427 33.94199000 124.59291000 
20140102 32.12295000 125.18245000 
20140102 32.12295000 125.18245000 
20140102 32.12295000 125.18245000 
20140123 32.12295000 125.18245000 
20140123 32.12295000 125.18245000 
20140123 32.12295000 125.18245000 
20140127 32.12295000 125.18245000 
20140129 32.12295000 125.18245000 
20131201 32.12295300 125.18244700 
20131203 32.12295300 125.18244700 
20131203 32.12295300 125.18244700 
20131203 32.12295300 125.18244700 
20131203 32.12295300 125.18244700 
20131204 32.12295300 125.18244700 
20131207 32.12295300 125.18244700 
20131207 32.12295300 125.18244700 
20131212 32.12295300 125.18244700 
20140318 32.12295300 125.18244700 
20140322 32.12295300 125.18244700 
20140323 32.12295300 125.18244700 
20140402 32.12295300 125.18244700 
20140407 32.12295300 125.18244700 
20140407 32.12295300 125.18244700 
20140407 32.12295300 125.18244700 
20140407 32.12295300 125.18244700 
20140407 32.12295300 125.18244700 
20140408 32.12295300 125.18244700 
20140409 32.12295300 125.18244700 
20140410 32.12295300 125.18244700 
20140415 32.12295300 125.18244700 
20141127 32.12295300 125.18244700 
20141127 32.12295300 125.18244700 
20161005 32.12295300 125.18244700 
20161016 32.12295300 125.18244700 
20161016 32.12295300 125.18244700 
20161107 32.12295300 125.18244700 
20161207 32.12295300 125.18244700 
20170103 32.12295300 125.18244700 
20170103 32.12295300 125.18244700 
20170126 32.12295300 125.18244700 
20170128 32.12295300 125.18244700 
20170225 32.12295300 125.18244700 
20170225 32.12295300 125.18244700 
20170202 37.42313300 124.73803900 
20170203 37.42313300 124.73803900 
20170212 37.42313300 124.73803900 
20170212 37.42313300 124.73803900 
20170213 37.42313300 124.73803900 
20170213 37.42313300 124.73803900 
20170221 37.42313300 124.73803900 
20170221 37.42313300 124.73803900 
20170226 37.42313300 124.73803900 
20170226 37.42313300 124.73803900 
20170226 37.42313300 124.73803900 
20170226 37.42313300 124.73803900 
20170226 37.42313300 124.73803900 
20170226 37.42313300 124.73803900 
20170227 37.42313300 124.73803900 
20170227 37.42313300 124.73803900 
20170228 37.42313300 124.73803900 
20160510 37.42313300 124.73803900 
20160511 37.42313300 124.73803900 
20160518 37.42313300 124.73803900 
20160518 37.42313300 124.73803900 
20160519 37.42313300 124.73803900 
20160520 37.42313300 124.73803900 
20160521 37.42313300 124.73803900 
20160522 37.42313300 124.73803900 
20160529 37.42313300 124.73803900 
20160531 37.42313300 124.73803900 
20170303 37.42313300 124.73803900 
20170303 37.42313300 124.73803900 
20170308 37.42313300 124.73803900 
20170309 37.42313300 124.73803900 
20170309 37.42313300 124.73803900 
20170312 37.42313300 124.73803900 
20170316 37.42313300 124.73803900 
20170316 37.42313300 124.73803900 
20170317 37.42313300 124.73803900 
20170317 37.42313300 124.73803900 
20170318 37.42313300 124.73803900 
20170320 37.42313300 124.73803900 
20170320 37.42313300 124.73803900 
20170321 37.42313300 124.73803900 
20170322 37.42313300 124.73803900 
20170327 37.42313300 124.73803900 
20170329 37.42313300 124.73803900 
20170401 37.42313300 124.73803900 
20170401 37.42313300 124.73803900 
20170401 37.42313300 124.73803900 
20170402 37.42313300 124.73803900 
20170402 37.42313300 124.73803900 
20170403 37.42313300 124.73803900 
20161202 37.42313300 124.73803900 
20161202 37.42313300 124.73803900 
20161202 37.42313300 124.73803900 
20161202 37.42313300 124.73803900 
20161203 37.42313300 124.73803900 
20161203 37.42313300 124.73803900 
20161210 37.42313300 124.73803900 
20161211 37.42313300 124.73803900 
20160706 37.42313300 124.73803900 
20160707 37.42313300 124.73803900 
20160708 37.42313300 124.73803900 
20160708 37.42313300 124.73803900 
20160708 37.42313300 124.73803900 
20160708 37.42313300 124.73803900 
20160713 37.42313300 124.73803900 
20160713 37.42313300 124.73803900 
20160910 37.42313300 124.73803900 
20160914 37.42313300 124.73803900 
20160918 37.42313300 124.73803900 
20160919 37.42313300 124.73803900 
20161103 37.42313300 124.73803900 
20161104 37.42313300 124.73803900 
20161105 37.42313300 124.73803900 
20161115 37.42313300 124.73803900 
20161115 37.42313300 124.73803900 
20161129 37.42313300 124.73803900 
20160810 37.42313300 124.73803900 
20160811 37.42313300 124.73803900 
20160821 37.42313300 124.73803900 
20160824 37.42313300 124.73803900 
20160824 37.42313300 124.73803900 
20160828 37.42313300 124.73803900 
20160601 37.42313300 124.73803900 
20160601 37.42313300 124.73803900 
20160601 37.42313300 124.73803900 
20160602 37.42313300 124.73803900 
20160605 37.42313300 124.73803900 
20160605 37.42313300 124.73803900 
20160608 37.42313300 124.73803900 
20160608 37.42313300 124.73803900 
20160613 37.42313300 124.73803900 
20161004 37.42313300 124.73803900 
20161005 37.42313300 124.73803900 
20161009 37.42313300 124.73803900 
20161010 37.42313300 124.73803900 
20161018 37.42313300 124.73803900 
20161019 37.42313300 124.73803900 
20170106 37.42313300 124.73803900 
20170106 37.42313300 124.73803900 
20170111 37.42313300 124.73803900 
20170116 37.42313300 124.73803900 
20170116 37.42313300 124.73803900 
