20111017
20111018
20111019
20111019
20111019
20120502
20120503
20120504
20120504
20120504
20120505
20120505
20120506
20120507
20120507
20120507
20120507
20120509
20120509
20120516
20120516
20120516
20120517
20120517
20120313
20120320
20120326
20120405
20120405
20120407
20120417
20120417
20120417
20120417
20120417
20120423
20120423
20120426
20120427
20140102
20140102
20140102
20140123
20140123
20140123
20140127
20140129
20131201
20131203
20131203
20131203
20131203
20131204
20131207
20131207
20131212
20140318
20140322
20140323
20140402
20140407
20140407
20140407
20140407
20140407
20140408
20140409
20140410
20140415
20141127
20141127
20161005
20161016
20161016
20161107
20161207
20170103
20170103
20170126
20170128
20170225
20170225
20170202
20170203
20170212
20170212
20170213
20170213
20170221
20170221
20170226
20170226
20170226
20170226
20170226
20170226
20170227
20170227
20170228
20160510
20160511
20160518
20160518
20160519
20160520
20160521
20160522
20160529
20160531
20170303
20170303
20170308
20170309
20170309
20170312
20170316
20170316
20170317
20170317
20170318
20170320
20170320
20170321
20170322
20170327
20170329
20170401
20170401
20170401
20170402
20170402
20170403
20161202
20161202
20161202
20161202
20161203
20161203
20161210
20161211
20160706
20160707
20160708
20160708
20160708
20160708
20160713
20160713
20160910
20160914
20160918
20160919
20161103
20161104
20161105
20161115
20161115
20161129
20160810
20160811
20160821
20160824
20160824
20160828
20160601
20160601
20160601
20160602
20160605
20160605
20160608
20160608
20160613
20161004
20161005
20161009
20161010
20161018
20161019
20170106
20170106
20170111
20170116
20170116
